R: !!opencv-matrix
   rows: 3
   cols: 3
   dt: d
   data: [ 9.9999491839945320e-001, 8.8821067571574167e-004,
       3.0617408555497338e-003, -9.0095932534385722e-004,
       9.9999092050262139e-001, 4.1649951517233963e-003,
       -3.0580136633235914e-003, -4.1677324908573543e-003,
       9.9998663918990416e-001 ]
T: !!opencv-matrix
   rows: 3
   cols: 1
   dt: d
   data: [ -7.2329976037472562e+001, -2.9446035973041024e-001,
       -5.6435772883689617e-001 ]
R1: !!opencv-matrix
   rows: 3
   cols: 3
   dt: d
   data: [ 9.9992866712141337e-001, 4.9265335220123295e-003,
       1.0880713958658026e-002, -4.9491748094713465e-003,
       9.9998564138504498e-001, 2.0549190849173623e-003,
       -1.0870434098919000e-002, -2.1086230570570180e-003,
       9.9993869180630490e-001 ]
R2: !!opencv-matrix
   rows: 3
   cols: 3
   dt: d
   data: [ 9.9996127560948500e-001, 4.0709118551303857e-003,
       7.8022405832820193e-003, -4.0546601077870500e-003,
       9.9998957975125879e-001, -2.0976463742543661e-003,
       -7.8106986154872354e-003, 2.0659297105326247e-003,
       9.9996736192816271e-001 ]
P1: !!opencv-matrix
   rows: 3
   cols: 4
   dt: d
   data: [ 1.0637007749153718e+003, 0., 5.7528865814208984e+002, 0., 0.,
       1.0637007749153718e+003, 4.4506216049194336e+002, 0., 0., 0., 1.,
       0. ]
P2: !!opencv-matrix
   rows: 3
   cols: 4
   dt: d
   data: [ 1.0637007749153718e+003, 0., 5.7528865814208984e+002,
       -7.6940431031967528e+004, 0., 1.0637007749153718e+003,
       4.4506216049194336e+002, 0., 0., 0., 1., 0. ]
Q: !!opencv-matrix
   rows: 4
   cols: 4
   dt: d
   data: [ 1., 0., 0., -6.4028865814208984e+002, 0., 1., 0.,
       -5.3106216049194336e+002, 0., 0., 0., 1.0637007749153718e+003, 0.,
       0., 1.3824991108685380e-002, 0. ]
imageSizeCropped: [ 1152, 800 ]
