<?xml version="1.0"?>
<opencv_storage>
<M1 type_id="opencv-matrix">
  <rows>3</rows>
  <cols>3</cols>
  <dt>d</dt>
  <data>
    1.1504168742754487e+003 0. 6.4886973132180060e+002 0.
    1.1499186412078991e+003 4.9479430064647454e+002 0. 0. 1.</data></M1>
<D1 type_id="opencv-matrix">
  <rows>1</rows>
  <cols>5</cols>
  <dt>d</dt>
  <data>
    7.5753646672456168e-002 -7.9779725811405203e-002
    7.7846395264586775e-004 -6.1430229144142487e-004
    -1.0171050462291055e-001</data></D1>
<M2 type_id="opencv-matrix">
  <rows>3</rows>
  <cols>3</cols>
  <dt>d</dt>
  <data>
    1.1506502683289027e+003 0. 6.5939724003573929e+002 0.
    1.1505391170924975e+003 5.6500435629842184e+002 0. 0. 1.</data></M2>
<D2 type_id="opencv-matrix">
  <rows>1</rows>
  <cols>5</cols>
  <dt>d</dt>
  <data>
    7.6817010686466694e-002 -8.1532989046660051e-002
    -4.0625070177915669e-004 -5.0506625422062860e-005
    -9.7141718077029607e-002</data></D2>
</opencv_storage>
